<?xml version="1.0" encoding="utf-8"?><svg xmlns="http://www.w3.org/2000/svg" xmlns:xlink="http://www.w3.org/1999/xlink" width="1920" height="1089" preserveAspectRatio="xMidYMid" viewBox="0 0 1920 1089" style="z-index:1;margin-right:-2px;display:block;background-repeat-y:initial;background-repeat-x:initial;background-color:rgb(255, 255, 255);animation-play-state:paused" ><g transform="translate(960,544.5) scale(1,1) translate(-960,-544.5)" style="transform:matrix(1, 0, 0, 1, 0, 0);animation-play-state:paused" ><style type="text/css" style="animation-play-state:paused" >@keyframes ld-fall {
    0%    { transform: translate(0,0px) rotate3d(1,1,1,0deg); }
    16.6% { transform: translate(0,183.5px) rotate3d(1,1,1,180deg); }
    33.3% { transform: translate(0,367px) rotate3d(1,1,1,360deg); }
    50.0% { transform: translate(0,550.5px) rotate3d(1,1,1,540deg); }
    66.6% { transform: translate(0,734px) rotate3d(1,1,1,720deg); }
    83.3% { transform: translate(0,917.5px) rotate3d(1,1,1,900deg); }
    100%  { transform: translate(0,1101px) rotate3d(1,1,1,1080deg) ; }
  }
  .ld.ld-fall {
    animation: ld-fall 4s linear infinite;
  }
  .ld.ld-fall2 {
    animation: ld-fall 4s linear infinite;
    animation-fill-mode: forwards;
  }</style>

  
<g transform="translate(0 909.6501934750156)" style="transform:matrix(1, 0, 0, 1, 0, 909.65);animation-play-state:paused" ><g transform="translate(1405.8254547800177 0)" style="transform:matrix(1, 0, 0, 1, 1405.83, 0);animation-play-state:paused" ><g class="ld ld-fall2" style="transform:matrix3d(0.664401, 0.668928, -0.333328, 0, -0.333328, 0.664401, 0.668928, 0, 0.668928, -0.333328, 0.664401, 0, 0, 61.3957, 0, 1);animation-play-state:paused;animation-duration:2s;animation-delay:-0.111081s" ><rect x="-5.737341835346845" y="-5.724459431981176" width="11.47468367069369" height="11.448918863962351" fill="#a3e048" style="transform:matrix(2.49969, 0, 0, 2.49969, 0, 0);animation-play-state:paused" ></rect></g></g>
<g transform="translate(687.299716532779 0)" style="transform:matrix(1, 0, 0, 1, 687.3, 0);animation-play-state:paused" ><g class="ld ld-fall2" style="transform:matrix3d(0.998068, 0.0448835, -0.042952, 0, -0.042952, 0.998068, 0.0448835, 0, 0.0448835, -0.042952, 0.998068, 0, 0, 738.447, 0, 1);animation-play-state:paused;animation-duration:4s;animation-delay:-2.68019s" ><rect x="-4.202915772024253" y="-3.2726444596290944" width="8.405831544048507" height="6.545288919258189" fill="#a3e048" style="transform:matrix(1.55156, 0, 0, 1.55156, 0, 0);animation-play-state:paused" ></rect></g></g>
<g transform="translate(1599.4345113476543 0)" style="transform:matrix(1, 0, 0, 1, 1599.43, 0);animation-play-state:paused" ><g class="ld ld-fall2" style="transform:matrix3d(-0.3144, 0.520581, 0.793819, 0, 0.793819, -0.3144, 0.520581, 0, 0.520581, 0.793819, -0.3144, 0, 0, 197.454, 0, 1);animation-play-state:paused;animation-duration:4s;animation-delay:-0.714797s" ><rect x="-5.4193322914706705" y="-4.57746563527332" width="10.838664582941341" height="9.15493127054664" fill="#34bbe6" style="transform:matrix(2.84296, 0, 0, 2.84296, 0, 0);animation-play-state:paused" ></rect></g></g>
<g transform="translate(385.39089212393634 0)" style="transform:matrix(1, 0, 0, 1, 385.391, 0);animation-play-state:paused" ><g class="ld ld-fall2" style="transform:matrix3d(0.932734, -0.219097, 0.286363, 0, 0.286363, 0.932734, -0.219097, 0, -0.219097, 0.286363, 0.932734, 0, 0, 340.535, 0, 1);animation-play-state:paused;animation-duration:2s;animation-delay:-0.61783s" ><rect x="-3.472686239441532" y="-3.3803920381611174" width="6.945372478883064" height="6.760784076322235" fill="#d23be7" style="transform:matrix(2.15835, 0, 0, 2.15835, 0, 0);animation-play-state:paused" ></rect></g></g>
<g transform="translate(1228.1833900623412 0)" style="transform:matrix(1, 0, 0, 1, 1228.18, 0);animation-play-state:paused" ><g class="ld ld-fall2" style="transform:matrix3d(0.52438, -0.315326, 0.790946, 0, 0.790946, 0.52438, -0.315326, 0, -0.315326, 0.790946, 0.52438, 0, 0, 1026.23, 0, 1);animation-play-state:paused;animation-duration:2s;animation-delay:-1.8639s" ><rect x="-5.7955158022768885" y="-4.329303944670122" width="11.591031604553777" height="8.658607889340244" fill="#e6261f" style="transform:matrix(2.14025, 0, 0, 2.14025, 0, 0);animation-play-state:paused" ></rect></g></g>
<g transform="translate(1917.5798102945896 0)" style="transform:matrix(1, 0, 0, 1, 1917.58, 0);animation-play-state:paused" ><g class="ld ld-fall2" style="transform:matrix3d(-0.315972, 0.527085, 0.788887, 0, 0.788887, -0.315972, 0.527085, 0, 0.527085, 0.788887, -0.315972, 0, 0, 196.859, 0, 1);animation-play-state:paused;animation-duration:4s;animation-delay:-0.712632s" ><rect x="-5.92595853740495" y="-4.981368428650732" width="11.8519170748099" height="9.962736857301463" fill="#f7d038" style="transform:matrix(1.53602, 0, 0, 1.53602, 0, 0);animation-play-state:paused" ></rect></g></g>
<g transform="translate(1104.007637153443 0)" style="transform:matrix(1, 0, 0, 1, 1104.01, 0);animation-play-state:paused" ><g class="ld ld-fall2" style="transform:matrix3d(-0.25072, 0.903739, 0.346981, 0, 0.346981, -0.25072, 0.903739, 0, 0.903739, 0.346981, -0.25072, 0, 0, 521.113, 0, 1);animation-play-state:paused;animation-duration:4s;animation-delay:-1.89302s" ><rect x="-5.198185937815864" y="-4.145125968007926" width="10.396371875631727" height="8.290251936015853" fill="#4355db" style="transform:matrix(3.40503, 0, 0, 3.40503, 0, 0);animation-play-state:paused" ></rect></g></g>
<g transform="translate(370.02583572666 0)" style="transform:matrix(1, 0, 0, 1, 370.026, 0);animation-play-state:paused" ><g class="ld ld-fall2" style="transform:matrix3d(0.824979, -0.302421, 0.477442, 0, 0.477442, 0.824979, -0.302421, 0, -0.302421, 0.477442, 0.824979, 0, 0, 323.69, 0, 1);animation-play-state:paused;animation-duration:2s;animation-delay:-0.587169s" ><rect x="-3.759562503356694" y="-4.618329042034134" width="7.519125006713388" height="9.236658084068267" fill="#a3e048" style="transform:matrix(1.80051, 0, 0, 1.80051, 0, 0);animation-play-state:paused" ></rect></g></g>
<g transform="translate(1278.4085946685288 0)" style="transform:matrix(1, 0, 0, 1, 1278.41, 0);animation-play-state:paused" ><g class="ld ld-fall2" style="transform:matrix3d(-0.0336771, 0.998825, 0.0348522, 0, 0.0348522, -0.0336771, 0.998825, 0, 0.998825, 0.0348522, -0.0336771, 0, 0, 859.802, 0, 1);animation-play-state:paused;animation-duration:2s;animation-delay:-1.56098s" ><rect x="-4.505706192648841" y="-5.580007181688231" width="9.011412385297682" height="11.160014363376462" fill="#eb7532" style="transform:matrix(2.15479, 0, 0, 2.15479, 0, 0);animation-play-state:paused" ></rect></g></g>
<g transform="translate(232.27775492083182 0)" style="transform:matrix(1, 0, 0, 1, 232.278, 0);animation-play-state:paused" ><g class="ld ld-fall2" style="transform:matrix3d(0.326906, 0.91387, -0.240776, 0, -0.240776, 0.326906, 0.91387, 0, 0.91387, -0.240776, 0.326906, 0, 0, 826.313, 0, 1);animation-play-state:paused;animation-duration:4s;animation-delay:-3.00005s" ><rect x="-4.967855795105236" y="-5.5458517225927855" width="9.935711590210472" height="11.091703445185571" fill="#eb7532" style="transform:matrix(2.14584, 0, 0, 2.14584, 0, 0);animation-play-state:paused" ></rect></g></g>
<g transform="translate(536.4054498393696 0)" style="transform:matrix(1, 0, 0, 1, 536.405, 0);animation-play-state:paused" ><g class="ld ld-fall2" style="transform:matrix3d(-0.327989, 0.591037, 0.736952, 0, 0.736952, -0.327989, 0.591037, 0, 0.591037, 0.736952, -0.327989, 0, 0, 557.901, 0, 1);animation-play-state:paused;animation-duration:4s;animation-delay:-2.02678s" ><rect x="-4.076035607328782" y="-3.583525363743322" width="8.152071214657564" height="7.167050727486644" fill="#f7d038" style="transform:matrix(1.66186, 0, 0, 1.66186, 0, 0);animation-play-state:paused" ></rect></g></g>
<g transform="translate(44.020338948712805 0)" style="transform:matrix(1, 0, 0, 1, 44.0203, 0);animation-play-state:paused" ><g class="ld ld-fall2" style="transform:matrix3d(-0.31902, 0.778503, 0.540517, 0, 0.540517, -0.31902, 0.778503, 0, 0.778503, 0.540517, -0.31902, 0, 0, 905.375, 0, 1);animation-play-state:paused;animation-duration:2s;animation-delay:-1.64393s" ><rect x="-4.802309570590864" y="-3.93459170845781" width="9.604619141181727" height="7.86918341691562" fill="#d23be7" style="transform:matrix(2.96411, 0, 0, 2.96411, 0, 0);animation-play-state:paused" ></rect></g></g>
<g transform="translate(1643.7853896565664 0)" style="transform:matrix(1, 0, 0, 1, 1643.79, 0);animation-play-state:paused" ><g class="ld ld-fall2" style="transform:matrix3d(-0.333316, 0.670866, 0.662449, 0, 0.662449, -0.333316, 0.670866, 0, 0.670866, 0.662449, -0.333316, 0, 0, 550.074, 0, 1);animation-play-state:paused;animation-duration:2s;animation-delay:-0.999225s" ><rect x="-5.793960861827183" y="-4.583092938657277" width="11.587921723654366" height="9.166185877314554" fill="#eb7532" style="transform:matrix(1.75879, 0, 0, 1.75879, 0, 0);animation-play-state:paused" ></rect></g></g>
<g transform="translate(361.84731460326304 0)" style="transform:matrix(1, 0, 0, 1, 361.847, 0);animation-play-state:paused" ><g class="ld ld-fall2" style="transform:matrix3d(0.317627, 0.918377, -0.236003, 0, -0.236003, 0.317627, 0.918377, 0, 0.918377, -0.236003, 0.317627, 0, 0, 827.126, 0, 1);animation-play-state:paused;animation-duration:4s;animation-delay:-3.00301s" ><rect x="-4.188246154579943" y="-5.692453154277584" width="8.376492309159886" height="11.384906308555168" fill="#a3e048" style="transform:matrix(1.54648, 0, 0, 1.54648, 0, 0);animation-play-state:paused" ></rect></g></g>
<g transform="translate(1593.6976853951846 0)" style="transform:matrix(1, 0, 0, 1, 1593.7, 0);animation-play-state:paused" ><g class="ld ld-fall2" style="transform:matrix3d(0.79678, 0.516636, -0.313416, 0, -0.313416, 0.79678, 0.516636, 0, 0.516636, -0.313416, 0.79678, 0, 0, 780.853, 0, 1);animation-play-state:paused;animation-duration:4s;animation-delay:-2.83456s" ><rect x="-4.662691403349554" y="-3.8142242835406455" width="9.325382806699109" height="7.628448567081291" fill="#a3e048" style="transform:matrix(1.90786, 0, 0, 1.90786, 0, 0);animation-play-state:paused" ></rect></g></g>
<g transform="translate(1141.5464048077233 0)" style="transform:matrix(1, 0, 0, 1, 1141.55, 0);animation-play-state:paused" ><g class="ld ld-fall2" style="transform:matrix3d(0.350415, 0.901953, -0.252368, 0, -0.252368, 0.350415, 0.901953, 0, 0.901953, -0.252368, 0.350415, 0, 0, 90.2533, 0, 1);animation-play-state:paused;animation-duration:2s;animation-delay:-0.163292s" ><rect x="-4.322894674670058" y="-4.397495492722188" width="8.645789349340117" height="8.794990985444375" fill="#e6261f" style="transform:matrix(2.04908, 0, 0, 2.04908, 0, 0);animation-play-state:paused" ></rect></g></g>
<g transform="translate(105.27535737966971 0)" style="transform:matrix(1, 0, 0, 1, 105.275, 0);animation-play-state:paused" ><g class="ld ld-fall2" style="transform:matrix3d(0.962729, 0.208975, -0.171704, 0, -0.171704, 0.962729, 0.208975, 0, 0.208975, -0.171704, 0.962729, 0, 0, 386.624, 0, 1);animation-play-state:paused;animation-duration:2s;animation-delay:-0.701718s" ><rect x="-3.2704564528048152" y="-3.4312023788295165" width="6.5409129056096305" height="6.862404757659033" fill="#d23be7" style="transform:matrix(2.83356, 0, 0, 2.83356, 0, 0);animation-play-state:paused" ></rect></g></g>
<g transform="translate(1695.9465061915168 0)" style="transform:matrix(1, 0, 0, 1, 1695.95, 0);animation-play-state:paused" ><g class="ld ld-fall2" style="transform:matrix3d(-0.181703, 0.224263, 0.957439, 0, 0.957439, -0.181703, 0.224263, 0, 0.224263, 0.957439, -0.181703, 0, 0, 223.683, 0, 1);animation-play-state:paused;animation-duration:2s;animation-delay:-0.405139s" ><rect x="-5.394434022853887" y="-4.5117204256133645" width="10.788868045707774" height="9.023440851226729" fill="#e6261f" style="transform:matrix(2.64316, 0, 0, 2.64316, 0, 0);animation-play-state:paused" ></rect></g></g>
<g transform="translate(1556.3106266592781 0)" style="transform:matrix(1, 0, 0, 1, 1556.31, 0);animation-play-state:paused" ><g class="ld ld-fall2" style="transform:matrix3d(-0.227856, 0.92559, 0.302265, 0, 0.302265, -0.227856, 0.92559, 0, 0.92559, 0.302265, -0.227856, 0, 0, 517.194, 0, 1);animation-play-state:paused;animation-duration:2s;animation-delay:-0.939377s" ><rect x="-4.424325109803902" y="-3.254178156683568" width="8.848650219607803" height="6.508356313367136" fill="#34bbe6" style="transform:matrix(2.04437, 0, 0, 2.04437, 0, 0);animation-play-state:paused" ></rect></g></g>
<g transform="translate(754.9936386700921 0)" style="transform:matrix(1, 0, 0, 1, 754.994, 0);animation-play-state:paused" ><g class="ld ld-fall2" style="transform:matrix3d(0.0249492, -0.0243415, 0.999392, 0, 0.999392, 0.0249492, -0.0243415, 0, -0.0243415, 0.999392, 0.0249492, 0, 0, 247.161, 0, 1);animation-play-state:paused;animation-duration:2s;animation-delay:-0.447873s" ><rect x="-5.340522730761442" y="-3.388590308266326" width="10.681045461522883" height="6.777180616532652" fill="#34bbe6" style="transform:matrix(2.17324, 0, 0, 2.17324, 0, 0);animation-play-state:paused" ></rect></g></g>
<g transform="translate(1854.9402228108172 0)" style="transform:matrix(1, 0, 0, 1, 1854.94, 0);animation-play-state:paused" ><g class="ld ld-fall2" style="transform:matrix3d(0.754382, -0.32482, 0.570438, 0, 0.570438, 0.754382, -0.32482, 0, -0.32482, 0.570438, 0.754382, 0, 0, 682.178, 0, 1);animation-play-state:paused;animation-duration:2s;animation-delay:-1.23824s" ><rect x="-4.981751537834557" y="-4.853424937099469" width="9.963503075669115" height="9.706849874198937" fill="#4355db" style="transform:matrix(1.78538, 0, 0, 1.78538, 0, 0);animation-play-state:paused" ></rect></g></g>
<g transform="translate(1738.8804837643195 0)" style="transform:matrix(1, 0, 0, 1, 1738.88, 0);animation-play-state:paused" ><g class="ld ld-fall2" style="transform:matrix3d(-0.333155, 0.679934, 0.653221, 0, 0.653221, -0.333155, 0.679934, 0, 0.679934, 0.653221, -0.333155, 0, 0, 182.149, 0, 1);animation-play-state:paused;animation-duration:2s;animation-delay:-0.329555s" ><rect x="-3.037556065731291" y="-4.9422037321879015" width="6.075112131462582" height="9.884407464375803" fill="#d23be7" style="transform:matrix(1.86182, 0, 0, 1.86182, 0, 0);animation-play-state:paused" ></rect></g></g>
<g transform="translate(174.75832860290225 0)" style="transform:matrix(1, 0, 0, 1, 174.758, 0);animation-play-state:paused" ><g class="ld ld-fall2" style="transform:matrix3d(-0.0128579, 0.999832, 0.0130255, 0, 0.0130255, -0.0128579, 0.999832, 0, 0.999832, 0.0130255, -0.0128579, 0, 0, 857.643, 0, 1);animation-play-state:paused;animation-duration:4s;animation-delay:-3.1141s" ><rect x="-3.5321512723700588" y="-5.631530947983179" width="7.0643025447401175" height="11.263061895966358" fill="#a3e048" style="transform:matrix(2.44962, 0, 0, 2.44962, 0, 0);animation-play-state:paused" ></rect></g></g>
<g transform="translate(221.8109222487493 0)" style="transform:matrix(1, 0, 0, 1, 221.811, 0);animation-play-state:paused" ><g class="ld ld-fall2" style="transform:matrix3d(-0.286737, 0.431311, 0.855425, 0, 0.855425, -0.286737, 0.431311, 0, 0.431311, 0.855425, -0.286737, 0, 0, 939.468, 0, 1);animation-play-state:paused;animation-duration:4s;animation-delay:-3.41197s" ><rect x="-4.784501524470024" y="-5.839595484930397" width="9.569003048940049" height="11.679190969860795" fill="#e6261f" style="transform:matrix(1.86615, 0, 0, 1.86615, 0, 0);animation-play-state:paused" ></rect></g></g>
<g transform="translate(1179.8003360750502 0)" style="transform:matrix(1, 0, 0, 1, 1179.8, 0);animation-play-state:paused" ><g class="ld ld-fall2" style="transform:matrix3d(-0.013066, 0.999827, 0.0132391, 0, 0.0132391, -0.013066, 0.999827, 0, 0.999827, 0.0132391, -0.013066, 0, 0, 123.664, 0, 1);animation-play-state:paused;animation-duration:2s;animation-delay:-0.223741s" ><rect x="-4.1607087557708695" y="-4.906724940475462" width="8.321417511541739" height="9.813449880950923" fill="#34bbe6" style="transform:matrix(1.58872, 0, 0, 1.58872, 0, 0);animation-play-state:paused" ></rect></g></g>
<g transform="translate(1125.744569571925 0)" style="transform:matrix(1, 0, 0, 1, 1125.74, 0);animation-play-state:paused" ><g class="ld ld-fall2" style="transform:matrix3d(0.984981, -0.114351, 0.129371, 0, 0.129371, 0.984981, -0.114351, 0, -0.114351, 0.129371, 0.984981, 0, 0, 1088.58, 0, 1);animation-play-state:paused;animation-duration:4s;animation-delay:-3.95478s" ><rect x="-4.6696949602965105" y="-5.463593527225796" width="9.339389920593021" height="10.927187054451592" fill="#e6261f" style="transform:matrix(2.75793, 0, 0, 2.75793, 0, 0);animation-play-state:paused" ></rect></g></g>
<g transform="translate(1760.3689288241635 0)" style="transform:matrix(1, 0, 0, 1, 1760.37, 0);animation-play-state:paused" ><g class="ld ld-fall2" style="transform:matrix3d(-0.0298049, 0.0307214, 0.999084, 0, 0.999084, -0.0298049, 0.0307214, 0, 0.0307214, 0.999084, -0.0298049, 0, 0, 241.604, 0, 1);animation-play-state:paused;animation-duration:4s;animation-delay:-0.875516s" ><rect x="-4.307652588507748" y="-5.560922875526609" width="8.615305177015497" height="11.121845751053218" fill="#a3e048" style="transform:matrix(2.29346, 0, 0, 2.29346, 0, 0);animation-play-state:paused" ></rect></g></g>
<g transform="translate(591.564786559117 0)" style="transform:matrix(1, 0, 0, 1, 591.565, 0);animation-play-state:paused" ><g class="ld ld-fall2" style="transform:matrix3d(0.4505, -0.293614, 0.843114, 0, 0.843114, 0.4505, -0.293614, 0, -0.293614, 0.843114, 0.4505, 0, 0, 652.569, 0, 1);animation-play-state:paused;animation-duration:4s;animation-delay:-2.36934s" ><rect x="-4.638833394268081" y="-5.785095033101105" width="9.277666788536163" height="11.57019006620221" fill="#f7d038" style="transform:matrix(1.88893, 0, 0, 1.88893, 0, 0);animation-play-state:paused" ></rect></g></g>
<g transform="translate(1575.6449971023098 0)" style="transform:matrix(1, 0, 0, 1, 1575.65, 0);animation-play-state:paused" ><g class="ld ld-fall2" style="transform:matrix3d(-0.332254, 0.698964, 0.63329, 0, 0.63329, -0.332254, 0.698964, 0, 0.698964, 0.63329, -0.332254, 0, 0, 914.176, 0, 1);animation-play-state:paused;animation-duration:2s;animation-delay:-1.65995s" ><rect x="-5.228061006257772" y="-4.597811182346356" width="10.456122012515545" height="9.195622364692712" fill="#e6261f" style="transform:matrix(3.44627, 0, 0, 3.44627, 0, 0);animation-play-state:paused" ></rect></g></g>
<g transform="translate(664.6587954363293 0)" style="transform:matrix(1, 0, 0, 1, 664.659, 0);animation-play-state:paused" ><g class="ld ld-fall2" style="transform:matrix3d(0.208782, 0.962794, -0.171576, 0, -0.171576, 0.208782, 0.962794, 0, 0.962794, -0.171576, 0.208782, 0, 0, 469.727, 0, 1);animation-play-state:paused;animation-duration:2s;animation-delay:-0.85298s" ><rect x="-3.6991862566384435" y="-3.691879872563354" width="7.398372513276887" height="7.383759745126708" fill="#e6261f" style="transform:matrix(3.05565, 0, 0, 3.05565, 0, 0);animation-play-state:paused" ></rect></g></g>
<g transform="translate(130.4677869694251 0)" style="transform:matrix(1, 0, 0, 1, 130.468, 0);animation-play-state:paused" ><g class="ld ld-fall2" style="transform:matrix3d(0.415987, 0.864903, -0.280889, 0, -0.280889, 0.415987, 0.864903, 0, 0.864903, -0.280889, 0.415987, 0, 0, 451.49, 0, 1);animation-play-state:paused;animation-duration:2s;animation-delay:-0.819785s" ><rect x="-5.245552058180376" y="-3.04292416943553" width="10.491104116360752" height="6.08584833887106" fill="#eb7532" style="transform:matrix(2.28122, 0, 0, 2.28122, 0, 0);animation-play-state:paused" ></rect></g></g>
<g transform="translate(877.7978244305045 0)" style="transform:matrix(1, 0, 0, 1, 877.798, 0);animation-play-state:paused" ><g class="ld ld-fall2" style="transform:matrix3d(-0.333332, 0.665464, 0.667868, 0, 0.667868, -0.333332, 0.665464, 0, 0.665464, 0.667868, -0.333332, 0, 0, 550.622, 0, 1);animation-play-state:paused;animation-duration:2s;animation-delay:-1.00022s" ><rect x="-4.0206538565107275" y="-4.842133550617577" width="8.041307713021455" height="9.684267101235154" fill="#e6261f" style="transform:matrix(3.42872, 0, 0, 3.42872, 0, 0);animation-play-state:paused" ></rect></g></g>
<g transform="translate(1751.735567693206 0)" style="transform:matrix(1, 0, 0, 1, 1751.74, 0);animation-play-state:paused" ><g class="ld ld-fall2" style="transform:matrix3d(0.0215741, 0.999544, -0.0211183, 0, -0.0211183, 0.0215741, 0.999544, 0, 0.999544, -0.0211183, 0.0215741, 0, 0, 487.173, 0, 1);animation-play-state:paused;animation-duration:4s;animation-delay:-1.76947s" ><rect x="-3.8875457150803063" y="-5.6833925044768865" width="7.775091430160613" height="11.366785008953773" fill="#eb7532" style="transform:matrix(1.60788, 0, 0, 1.60788, 0, 0);animation-play-state:paused" ></rect></g></g>
<g transform="translate(584.6019896230638 0)" style="transform:matrix(1, 0, 0, 1, 584.602, 0);animation-play-state:paused" ><g class="ld ld-fall2" style="transform:matrix3d(0.301866, 0.925774, -0.22764, 0, -0.22764, 0.301866, 0.925774, 0, 0.925774, -0.22764, 0.301866, 0, 0, 828.508, 0, 1);animation-play-state:paused;animation-duration:2s;animation-delay:-1.50402s" ><rect x="-3.633642676873376" y="-3.238878048269747" width="7.267285353746752" height="6.477756096539494" fill="#e6261f" style="transform:matrix(3.44714, 0, 0, 3.44714, 0, 0);animation-play-state:paused" ></rect></g></g>
<g transform="translate(973.1108713792822 0)" style="transform:matrix(1, 0, 0, 1, 973.111, 0);animation-play-state:paused" ><g class="ld ld-fall2" style="transform:matrix3d(-0.211739, 0.273446, 0.938293, 0, 0.938293, -0.211739, 0.273446, 0, 0.273446, 0.938293, -0.211739, 0, 0, 953.337, 0, 1);animation-play-state:paused;animation-duration:2s;animation-delay:-1.73123s" ><rect x="-4.893707564780982" y="-4.564339272707365" width="9.787415129561964" height="9.12867854541473" fill="#a3e048" style="transform:matrix(3.45873, 0, 0, 3.45873, 0, 0);animation-play-state:paused" ></rect></g></g>
<g transform="translate(1181.2227063872747 0)" style="transform:matrix(1, 0, 0, 1, 1181.22, 0);animation-play-state:paused" ><g class="ld ld-fall2" style="transform:matrix3d(0.613038, 0.717559, -0.330597, 0, -0.330597, 0.613038, 0.717559, 0, 0.717559, -0.330597, 0.613038, 0, 0, 433.461, 0, 1);animation-play-state:paused;animation-duration:2s;animation-delay:-0.78697s" ><rect x="-4.841972887745822" y="-3.688950143673316" width="9.683945775491644" height="7.377900287346632" fill="#d23be7" style="transform:matrix(2.32493, 0, 0, 2.32493, 0, 0);animation-play-state:paused" ></rect></g></g>
<g transform="translate(889.1839328811873 0)" style="transform:matrix(1, 0, 0, 1, 889.184, 0);animation-play-state:paused" ><g class="ld ld-fall2" style="transform:matrix3d(-0.321726, 0.553596, 0.76813, 0, 0.76813, -0.321726, 0.553596, 0, 0.553596, 0.76813, -0.321726, 0, 0, 194.415, 0, 1);animation-play-state:paused;animation-duration:4s;animation-delay:-0.703736s" ><rect x="-5.257469155380598" y="-4.380719935521311" width="10.514938310761195" height="8.761439871042622" fill="#f7d038" style="transform:matrix(1.58952, 0, 0, 1.58952, 0, 0);animation-play-state:paused" ></rect></g></g>
<g transform="translate(1055.7544994667992 0)" style="transform:matrix(1, 0, 0, 1, 1055.75, 0);animation-play-state:paused" ><g class="ld ld-fall2" style="transform:matrix3d(-0.298527, 0.46515, 0.833377, 0, 0.833377, -0.298527, 0.46515, 0, 0.46515, 0.833377, -0.298527, 0, 0, 202.458, 0, 1);animation-play-state:paused;animation-duration:2s;animation-delay:-0.366506s" ><rect x="-4.570960300580693" y="-4.957351212109869" width="9.141920601161386" height="9.914702424219739" fill="#a3e048" style="transform:matrix(2.26407, 0, 0, 2.26407, 0, 0);animation-play-state:paused" ></rect></g></g>
<g transform="translate(666.7927423155014 0)" style="transform:matrix(1, 0, 0, 1, 666.793, 0);animation-play-state:paused" ><g class="ld ld-fall2" style="transform:matrix3d(0.878803, -0.271336, 0.392534, 0, 0.392534, 0.878803, -0.271336, 0, -0.271336, 0.392534, 0.878803, 0, 0, 1065.22, 0, 1);animation-play-state:paused;animation-duration:2s;animation-delay:-1.93488s" ><rect x="-4.76945839692235" y="-5.525079524207522" width="9.5389167938447" height="11.050159048415043" fill="#e6261f" style="transform:matrix(1.75156, 0, 0, 1.75156, 0, 0);animation-play-state:paused" ></rect></g></g>
<g transform="translate(444.25273881756965 0)" style="transform:matrix(1, 0, 0, 1, 444.253, 0);animation-play-state:paused" ><g class="ld ld-fall2" style="transform:matrix3d(0.995792, -0.0626628, 0.0668708, 0, 0.0668708, 0.995792, -0.0626628, 0, -0.0626628, 0.0668708, 0.995792, 0, 0, 727.434, 0, 1);animation-play-state:paused;animation-duration:4s;animation-delay:-2.64024s" ><rect x="-4.626790043431988" y="-3.286588190524486" width="9.253580086863977" height="6.573176381048972" fill="#a3e048" style="transform:matrix(2.74283, 0, 0, 2.74283, 0, 0);animation-play-state:paused" ></rect></g></g>
<g transform="translate(976.3184447041637 0)" style="transform:matrix(1, 0, 0, 1, 976.318, 0);animation-play-state:paused" ><g class="ld ld-fall2" style="transform:matrix3d(0.903944, 0.346584, -0.250528, 0, -0.250528, 0.903944, 0.346584, 0, 0.346584, -0.250528, 0.903944, 0, 0, 398.744, 0, 1);animation-play-state:paused;animation-duration:4s;animation-delay:-1.44756s" ><rect x="-3.3833398249693887" y="-3.820456228119104" width="6.766679649938777" height="7.640912456238208" fill="#f7d038" style="transform:matrix(3.38636, 0, 0, 3.38636, 0, 0);animation-play-state:paused" ></rect></g></g>
<g transform="translate(1814.4451673247106 0)" style="transform:matrix(1, 0, 0, 1, 1814.45, 0);animation-play-state:paused" ><g class="ld ld-fall2" style="transform:matrix3d(-0.332047, 0.630178, 0.701869, 0, 0.701869, -0.332047, 0.630178, 0, 0.630178, 0.701869, -0.332047, 0, 0, 921.129, 0, 1);animation-play-state:paused;animation-duration:4s;animation-delay:-3.34521s" ><rect x="-5.192793490699869" y="-5.218137491082915" width="10.385586981399738" height="10.43627498216583" fill="#eb7532" style="transform:matrix(3.39945, 0, 0, 3.39945, 0, 0);animation-play-state:paused" ></rect></g></g>
<g transform="translate(1893.7191288362205 0)" style="transform:matrix(1, 0, 0, 1, 1893.72, 0);animation-play-state:paused" ><g class="ld ld-fall2" style="transform:matrix3d(0.7086, -0.331494, 0.622894, 0, 0.622894, 0.7086, -0.331494, 0, -0.331494, 0.622894, 0.7086, 0, 0, 310.173, 0, 1);animation-play-state:paused;animation-duration:4s;animation-delay:-1.12513s" ><rect x="-5.540636683699565" y="-5.413592545233775" width="11.08127336739913" height="10.82718509046755" fill="#f7d038" style="transform:matrix(2.3129, 0, 0, 2.3129, 0, 0);animation-play-state:paused" ></rect></g></g>
<g transform="translate(246.4888549372624 0)" style="transform:matrix(1, 0, 0, 1, 246.489, 0);animation-play-state:paused" ><g class="ld ld-fall2" style="transform:matrix3d(0.57875, -0.326182, 0.747432, 0, 0.747432, 0.57875, -0.326182, 0, -0.326182, 0.747432, 0.57875, 0, 0, 664.27, 0, 1);animation-play-state:paused;animation-duration:2s;animation-delay:-1.20584s" ><rect x="-4.278212819884541" y="-5.957462558850633" width="8.556425639769081" height="11.914925117701266" fill="#4355db" style="transform:matrix(2.11885, 0, 0, 2.11885, 0, 0);animation-play-state:paused" ></rect></g></g>
<g transform="translate(1539.2131533120244 0)" style="transform:matrix(1, 0, 0, 1, 1539.21, 0);animation-play-state:paused" ><g class="ld ld-fall2" style="transform:matrix3d(0.900465, -0.25372, 0.353254, 0, 0.353254, 0.900465, -0.25372, 0, -0.25372, 0.353254, 0.900465, 0, 0, 334.671, 0, 1);animation-play-state:paused;animation-duration:2s;animation-delay:-0.607156s" ><rect x="-3.604774576075533" y="-3.091205110885581" width="7.209549152151066" height="6.182410221771162" fill="#d23be7" style="transform:matrix(2.43814, 0, 0, 2.43814, 0, 0);animation-play-state:paused" ></rect></g></g>
<g transform="translate(138.6522069875997 0)" style="transform:matrix(1, 0, 0, 1, 138.652, 0);animation-play-state:paused" ><g class="ld ld-fall2" style="transform:matrix3d(0.968922, 0.189761, -0.158684, 0, -0.158684, 0.968922, 0.189761, 0, 0.189761, -0.158684, 0.968922, 0, 0, 751.905, 0, 1);animation-play-state:paused;animation-duration:2s;animation-delay:-1.36459s" ><rect x="-4.806180031675597" y="-5.199586702416662" width="9.612360063351193" height="10.399173404833324" fill="#e6261f" style="transform:matrix(2.17538, 0, 0, 2.17538, 0, 0);animation-play-state:paused" ></rect></g></g>
<g transform="translate(652.7107994106511 0)" style="transform:matrix(1, 0, 0, 1, 652.711, 0);animation-play-state:paused" ><g class="ld ld-fall2" style="transform:matrix3d(-0.0677988, 0.995043, 0.0727561, 0, 0.0727561, -0.0677988, 0.995043, 0, 0.995043, 0.0727561, -0.0677988, 0, 0, 863.461, 0, 1);animation-play-state:paused;animation-duration:2s;animation-delay:-1.56764s" ><rect x="-4.146408387049392" y="-5.689507064411386" width="8.292816774098783" height="11.379014128822773" fill="#f7d038" style="transform:matrix(2.61202, 0, 0, 2.61202, 0, 0);animation-play-state:paused" ></rect></g></g>
<g transform="translate(37.70154529586975 0)" style="transform:matrix(1, 0, 0, 1, 37.7015, 0);animation-play-state:paused" ><g class="ld ld-fall2" style="transform:matrix3d(0.793289, 0.521284, -0.314573, 0, -0.314573, 0.793289, 0.521284, 0, 0.521284, -0.314573, 0.793289, 0, 0, 47.2769, 0, 1);animation-play-state:paused;animation-duration:2s;animation-delay:-0.0855364s" ><rect x="-3.5839785624730913" y="-3.323713726315485" width="7.167957124946183" height="6.64742745263097" fill="#a3e048" style="transform:matrix(2.87672, 0, 0, 2.87672, 0, 0);animation-play-state:paused" ></rect></g></g>
<g transform="translate(1576.6109354632522 0)" style="transform:matrix(1, 0, 0, 1, 1576.61, 0);animation-play-state:paused" ><g class="ld ld-fall2" style="transform:matrix3d(0.712242, 0.61891, -0.331152, 0, -0.331152, 0.712242, 0.61891, 0, 0.61891, -0.331152, 0.712242, 0, 0, 56.4403, 0, 1);animation-play-state:paused;animation-duration:4s;animation-delay:-0.204231s" ><rect x="-3.0348688077996293" y="-3.510202282028221" width="6.069737615599259" height="7.020404564056442" fill="#a3e048" style="transform:matrix(2.00845, 0, 0, 2.00845, 0, 0);animation-play-state:paused" ></rect></g></g>
<g transform="translate(503.0244192967125 0)" style="transform:matrix(1, 0, 0, 1, 503.024, 0);animation-play-state:paused" ><g class="ld ld-fall2" style="transform:matrix3d(-0.330404, 0.611141, 0.719264, 0, 0.719264, -0.330404, 0.611141, 0, 0.611141, 0.719264, -0.330404, 0, 0, 555.977, 0, 1);animation-play-state:paused;animation-duration:4s;animation-delay:-2.01982s" ><rect x="-4.887195676218091" y="-3.437908093360049" width="9.774391352436181" height="6.875816186720098" fill="#e6261f" style="transform:matrix(2.03963, 0, 0, 2.03963, 0, 0);animation-play-state:paused" ></rect></g></g>
<g transform="translate(590.2665421959168 0)" style="transform:matrix(1, 0, 0, 1, 590.267, 0);animation-play-state:paused" ><g class="ld ld-fall2" style="transform:matrix3d(-0.245109, 0.909585, 0.335524, 0, 0.335524, -0.245109, 0.909585, 0, 0.909585, 0.335524, -0.245109, 0, 0, 153.109, 0, 1);animation-play-state:paused;animation-duration:2s;animation-delay:-0.277014s" ><rect x="-3.1618174284606084" y="-4.048555291296607" width="6.323634856921217" height="8.097110582593213" fill="#a3e048" style="transform:matrix(2.11637, 0, 0, 2.11637, 0, 0);animation-play-state:paused" ></rect></g></g>
<g transform="translate(1388.5976998114406 0)" style="transform:matrix(1, 0, 0, 1, 1388.6, 0);animation-play-state:paused" ><g class="ld ld-fall2" style="transform:matrix3d(-0.288165, 0.852979, 0.435186, 0, 0.435186, -0.288165, 0.852979, 0, 0.852979, 0.435186, -0.288165, 0, 0, 895.876, 0, 1);animation-play-state:paused;animation-duration:2s;animation-delay:-1.62664s" ><rect x="-3.665877330805694" y="-3.8353599702230516" width="7.331754661611388" height="7.670719940446103" fill="#4355db" style="transform:matrix(1.98035, 0, 0, 1.98035, 0, 0);animation-play-state:paused" ></rect></g></g>
<g transform="translate(328.1358198456377 0)" style="transform:matrix(1, 0, 0, 1, 328.136, 0);animation-play-state:paused" ><g class="ld ld-fall2" style="transform:matrix3d(0.724185, -0.32981, 0.605625, 0, 0.605625, 0.724185, -0.32981, 0, -0.32981, 0.605625, 0.724185, 0, 0, 311.841, 0, 1);animation-play-state:paused;animation-duration:2s;animation-delay:-0.565602s" ><rect x="-5.3685373215237275" y="-3.7144560327296854" width="10.737074643047455" height="7.428912065459371" fill="#34bbe6" style="transform:matrix(3.19409, 0, 0, 3.19409, 0, 0);animation-play-state:paused" ></rect></g></g>
<g transform="translate(697.6601539202278 0)" style="transform:matrix(1, 0, 0, 1, 697.66, 0);animation-play-state:paused" ><g class="ld ld-fall2" style="transform:matrix3d(0.960445, 0.21569, -0.176135, 0, -0.176135, 0.960445, 0.21569, 0, 0.21569, -0.176135, 0.960445, 0, 0, 387.222, 0, 1);animation-play-state:paused;animation-duration:2s;animation-delay:-0.702807s" ><rect x="-3.4888421943682504" y="-4.716046894239653" width="6.977684388736501" height="9.432093788479307" fill="#d23be7" style="transform:matrix(2.23639, 0, 0, 2.23639, 0, 0);animation-play-state:paused" ></rect></g></g>
<g transform="translate(1640.3710315260148 0)" style="transform:matrix(1, 0, 0, 1, 1640.37, 0);animation-play-state:paused" ><g class="ld ld-fall2" style="transform:matrix3d(0.42599, 0.858752, -0.284742, 0, -0.284742, 0.42599, 0.858752, 0, 0.858752, -0.284742, 0.42599, 0, 0, 83.6055, 0, 1);animation-play-state:paused;animation-duration:4s;animation-delay:-0.302529s" ><rect x="-4.963574984219038" y="-4.811620439891609" width="9.927149968438076" height="9.623240879783218" fill="#d23be7" style="transform:matrix(2.40944, 0, 0, 2.40944, 0, 0);animation-play-state:paused" ></rect></g></g>
<g transform="translate(1104.818899595068 0)" style="transform:matrix(1, 0, 0, 1, 1104.82, 0);animation-play-state:paused" ><g class="ld ld-fall2" style="transform:matrix3d(-0.27705, 0.870705, 0.406344, 0, 0.406344, -0.27705, 0.870705, 0, 0.870705, 0.406344, -0.27705, 0, 0, 893.326, 0, 1);animation-play-state:paused;animation-duration:4s;animation-delay:-3.244s" ><rect x="-5.868740752600994" y="-5.3268201216868665" width="11.737481505201988" height="10.653640243373733" fill="#d23be7" style="transform:matrix(2.35664, 0, 0, 2.35664, 0, 0);animation-play-state:paused" ></rect></g></g>
<g transform="translate(1321.2530364524073 0)" style="transform:matrix(1, 0, 0, 1, 1321.25, 0);animation-play-state:paused" ><g class="ld ld-fall2" style="transform:matrix3d(0.706342, -0.331691, 0.625349, 0, 0.625349, 0.706342, -0.331691, 0, -0.331691, 0.625349, 0.706342, 0, 0, 309.934, 0, 1);animation-play-state:paused;animation-duration:4s;animation-delay:-1.12426s" ><rect x="-3.92319491995128" y="-3.814959430227867" width="7.84638983990256" height="7.629918860455734" fill="#a3e048" style="transform:matrix(1.90235, 0, 0, 1.90235, 0, 0);animation-play-state:paused" ></rect></g></g>
<g transform="translate(1752.9320889823098 0)" style="transform:matrix(1, 0, 0, 1, 1752.93, 0);animation-play-state:paused" ><g class="ld ld-fall2" style="transform:matrix3d(-0.277015, 0.40626, 0.870756, 0, 0.870756, -0.277015, 0.40626, 0, 0.40626, 0.870756, -0.277015, 0, 0, 574.681, 0, 1);animation-play-state:paused;animation-duration:2s;animation-delay:-1.04375s" ><rect x="-5.447024255370807" y="-3.151065662809353" width="10.894048510741614" height="6.302131325618706" fill="#e6261f" style="transform:matrix(2.20739, 0, 0, 2.20739, 0, 0);animation-play-state:paused" ></rect></g></g>
<g transform="translate(805.2259621788692 0)" style="transform:matrix(1, 0, 0, 1, 805.226, 0);animation-play-state:paused" ><g class="ld ld-fall2" style="transform:matrix3d(-0.311166, 0.803226, 0.50794, 0, 0.50794, -0.311166, 0.803226, 0, 0.803226, 0.50794, -0.311166, 0, 0, 535.395, 0, 1);animation-play-state:paused;animation-duration:2s;animation-delay:-0.972507s" ><rect x="-4.650086000923362" y="-3.122926686795142" width="9.300172001846724" height="6.245853373590284" fill="#e6261f" style="transform:matrix(1.84792, 0, 0, 1.84792, 0, 0);animation-play-state:paused" ></rect></g></g>
<g transform="translate(414.0203066293759 0)" style="transform:matrix(1, 0, 0, 1, 414.02, 0);animation-play-state:paused" ><g class="ld ld-fall2" style="transform:matrix3d(-0.0756429, 0.081875, 0.993768, 0, 0.993768, -0.0756429, 0.081875, 0, 0.081875, 0.993768, -0.0756429, 0, 0, 970.674, 0, 1);animation-play-state:paused;animation-duration:4s;animation-delay:-3.52557s" ><rect x="-5.308266848343027" y="-4.833599365881024" width="10.616533696686053" height="9.667198731762047" fill="#d23be7" style="transform:matrix(3.47112, 0, 0, 3.47112, 0, 0);animation-play-state:paused" ></rect></g></g>
<g transform="translate(1197.6753771897572 0)" style="transform:matrix(1, 0, 0, 1, 1197.68, 0);animation-play-state:paused" ><g class="ld ld-fall2" style="transform:matrix3d(0.850429, 0.439192, -0.289621, 0, -0.289621, 0.850429, 0.439192, 0, 0.439192, -0.289621, 0.850429, 0, 0, 773.898, 0, 1);animation-play-state:paused;animation-duration:2s;animation-delay:-1.40462s" ><rect x="-5.490721336070162" y="-3.3355108531294224" width="10.981442672140323" height="6.671021706258845" fill="#e6261f" style="transform:matrix(2.02386, 0, 0, 2.02386, 0, 0);animation-play-state:paused" ></rect></g></g>
<g transform="translate(380.64504141019495 0)" style="transform:matrix(1, 0, 0, 1, 380.645, 0);animation-play-state:paused" ><g class="ld ld-fall2" style="transform:matrix3d(-0.332618, 0.693045, 0.639573, 0, 0.639573, -0.332618, 0.693045, 0, 0.693045, 0.639573, -0.332618, 0, 0, 914.794, 0, 1);animation-play-state:paused;animation-duration:4s;animation-delay:-3.32215s" ><rect x="-3.1220738454462067" y="-3.331768206642339" width="6.244147690892413" height="6.663536413284678" fill="#d23be7" style="transform:matrix(1.54183, 0, 0, 1.54183, 0, 0);animation-play-state:paused" ></rect></g></g>
<g transform="translate(884.873053556165 0)" style="transform:matrix(1, 0, 0, 1, 884.873, 0);animation-play-state:paused" ><g class="ld ld-fall2" style="transform:matrix3d(-0.250084, 0.904419, 0.345665, 0, 0.345665, -0.250084, 0.904419, 0, 0.904419, 0.345665, -0.250084, 0, 0, 520.997, 0, 1);animation-play-state:paused;animation-duration:4s;animation-delay:-1.8926s" ><rect x="-5.131379571309986" y="-5.92644210760619" width="10.262759142619972" height="11.85288421521238" fill="#d23be7" style="transform:matrix(1.76389, 0, 0, 1.76389, 0, 0);animation-play-state:paused" ></rect></g></g>
<g transform="translate(635.0957911031027 0)" style="transform:matrix(1, 0, 0, 1, 635.096, 0);animation-play-state:paused" ><g class="ld ld-fall2" style="transform:matrix3d(0.998181, 0.0435275, -0.0417087, 0, -0.0417087, 0.998181, 0.0435275, 0, 0.0435275, -0.0417087, 0.998181, 0, 0, 371.316, 0, 1);animation-play-state:paused;animation-duration:4s;animation-delay:-1.34771s" ><rect x="-3.969092469145969" y="-3.323538463817544" width="7.938184938291938" height="6.647076927635088" fill="#34bbe6" style="transform:matrix(1.77776, 0, 0, 1.77776, 0, 0);animation-play-state:paused" ></rect></g></g>
<g transform="translate(35.13266626383839 0)" style="transform:matrix(1, 0, 0, 1, 35.1327, 0);animation-play-state:paused" ><g class="ld ld-fall2" style="transform:matrix3d(0.702696, 0.629289, -0.331985, 0, -0.331985, 0.702696, 0.629289, 0, 0.629289, -0.331985, 0.702696, 0, 0, 791.451, 0, 1);animation-play-state:paused;animation-duration:2s;animation-delay:-1.43657s" ><rect x="-5.577306204923062" y="-4.6940389794450414" width="11.154612409846123" height="9.388077958890083" fill="#d23be7" style="transform:matrix(1.61943, 0, 0, 1.61943, 0, 0);animation-play-state:paused" ></rect></g></g>
